armor:24.008554744525565
armorperlevel:3.5091911764705896
attackdamage:55.96700364963505
attackdamageperlevel:3.150960583941606
adc_attackrange:513.0
attackrange:273.0357142857143
attackspeedoffset:-0.01826204379562044
attackspeedperlevel:2.4493211678832134
hp:549.3637956204384
hpperlevel:84.33759124087591
hpregen:6.887620437956201
hpregenperlevel:0.6569343065693426
movespeed:336.44525547445255
mp:323.571304347826
mpperlevel:43.778260869565216
mpregen:7.279982608695649
mpregenperlevel:0.6641304347826079
spellblock:31.06934306569341
spellblockperlevel:0.8832116788321168
